0 38.7
1 63.9
2 66.83
3 82.48
4 28.06
5 31.55
6 78.26
7 27.2
8 86.9
9 96.81
10 76.25
11 26.12
12 96.82
13 13.93
14 14.9
15 37.19
16 16.16
17 38.65
18 42.99
19 58.7
20 80.96
21 45.42
22 80.18
23 60.16
24 70.61
25 77.24
26 29.03
27 70.82
28 97.07
29 55.35
30 28.59
31 13.77
32 97.67
33 84.53
34 91.84
35 24.14
36 24.45
37 61.19
38 77.82
39 38.08
40 52.3
41 29.7
42 18.24
43 71.75
44 67.91
45 62.77
46 83.37
47 47.02
48 11.95
49 79.01
50 88.21
51 41.64
52 59.73
53 19.62
54 23.22
55 11.4
56 78.76
57 42.7
58 46.07
59 81.17
60 36.29
61 93.71
62 64.87
63 65.46
64 32.67
65 47.17
66 90.37
67 55.02
68 95.98
69 87.06
70 33.54
71 68.19
72 46.03
73 10.04
74 21.01
75 54.43
76 73.43
77 97.69
78 32.19
79 80.6
80 27.32
81 49.26
82 65.23
83 77.31
84 76.48
85 69.67
86 61.09
87 81.8
88 32.07
89 27.08
90 91.81
91 65.14
92 26.93
93 77.14
94 84.45
95 90.02
96 53.78
97 54.45
98 33.39
99 72.19
100 28.05
101 60.29
102 87.9
103 87.32
104 14.87
105 50.09
106 67.11
107 39.9
108 58.08
109 59.88
110 34.19
111 29.84
112 32.83
113 88.36
114 44.03
115 90.59
116 50.71
117 26.51
118 31.63
119 33.21
120 93.04
121 73.29
122 16.4
123 85.7
124 21.22
125 48.13
126 44.13
127 68.53
128 72.57
129 34.75
130 65.96
131 41.96
132 94.68
133 32.95
134 42.68
135 35.06
136 20.37
137 85.31
138 91.39
139 87.01
140 10.45
141 48.57
142 96.71
143 66.22
144 10.94
145 35.97
146 62.42
147 93.98
148 70.45
149 65.44
150 63.3
151 82.71
152 72.15
153 94.39
154 81.12
155 23.27
156 18.63
157 89.58
158 69.59
159 88.63
160 97.49
161 23.97
162 36.54
163 20.64
164 46.45
165 25.0
166 45.79
167 83.94
168 92.86
169 94.71
170 44.5
171 30.12
172 12.66
173 20.36
174 21.13
175 69.46
176 83.19
177 74.62
178 97.45
179 37.53
180 38.42
181 77.46
182 80.37
183 62.45
184 27.81
185 96.06
186 75.39
187 42.13
188 91.35
189 86.11
190 14.26
191 90.68
192 52.18
193 54.72
194 94.81
195 31.51
196 58.5
197 63.51
198 27.16
199 99.31
200 96.0
201 32.45
202 15.34
203 23.01
204 67.75
205 79.71
206 57.54
207 48.44
208 39.7
209 68.9
210 87.15
211 99.9
212 17.64
213 55.4
214 24.63
215 44.59
216 51.74
217 29.55
218 61.19
219 36.75
220 55.46
221 81.19
222 76.32
223 99.82
224 17.69
225 95.95
226 16.44
227 27.92
228 37.14
229 73.05
230 75.57
231 60.24
232 55.33
233 28.1
234 72.38
235 22.07
236 55.94
237 86.53
238 62.63
239 39.52
240 76.91
241 55.9
242 44.03
243 51.2
244 72.84
245 69.6
246 26.75
247 54.15
248 37.55
249 64.26
250 30.7
251 75.14
252 93.66
253 92.57
254 29.48
255 27.62
256 38.21
257 77.94
258 67.96
259 37.97
260 27.61
261 29.83
262 39.39
263 30.55
264 76.59
265 76.74
266 17.4
267 23.45
268 73.9
269 21.32
270 99.09
271 96.42
272 86.7
273 13.2
274 94.13
275 11.08
276 65.29
277 47.11
278 72.67
279 51.8
280 97.79
281 83.57
282 26.87
283 51.3
284 93.94
285 12.43
286 48.25
287 71.79
288 14.73
289 63.81
290 64.96
291 78.26
292 31.05
293 72.46
294 20.67
295 26.2
296 44.53
297 72.69
298 98.22
299 64.67
300 64.67